================================================================================
Supported display modes for NVDD.INF                  Version 186.27, 06/26/2009
================================================================================

Format:
[INFSectionName]
  ////////////////////////////////////////////////////////////////////
  // PCI ID(hex) - Device Name
  ////////////////////////////////////////////////////////////////////
  ; Spanning Type
    XRes x YRes  bpp  refresh1 refresh2 refresh3 ...

================================================================================

[nv_commonDisplayModes_addreg__01]

  ////////////////////////////////////////////////////////////////////
  // 06E0 - NVIDIA GeForce 9300 GE
  ////////////////////////////////////////////////////////////////////

  ; Standard Modes

     640 x  480   8      60 70 72 75 85 100 120 140 144 150 170 200 240
     720 x  480   8      60
     720 x  576   8   50 60
     800 x  600   8      60 70 72 75 85 100 120 140 144 150 170 200 240
    1024 x  768   8      60 70 72 75 85 100 120 140 144 150 170 200 240
    1152 x  864   8      60 70 72 75 85 100 120 140 144 150 170 200
    1280 x  720   8      60
    1280 x  768   8      60 70 72 75 85 100 120 140 144 150 170
    1280 x  800   8      60 70 72 75 85 100 120 140 144 150 170
    1280 x  960   8      60 70 72 75 85 100 120 140 144 150 170
    1280 x 1024   8      60 70 72 75 85 100 120 140 144 150 170
    1360 x  768   8      60 70 72 75 85 100 120 140 144 150 170
    1600 x  900   8      60 70 72 75 85 100 120 140 144 150
    1600 x 1024   8      60 70 72 75 85 100 120
    1600 x 1200   8      60 70 72 75 85 100 120
    1680 x 1050   8      60
    1920 x 1080   8      60
    1920 x 1200   8      60 70 72 75 85 100
    1920 x 1440   8      60 70 72 75 85
    2048 x 1536   8      60
    ------------------------------------------------------------------
     640 x  480  16      60 70 72 75 85 100 120 140 144 150 170 200 240
     720 x  480  16      60
     720 x  576  16   50 60
     800 x  600  16      60 70 72 75 85 100 120 140 144 150 170 200 240
    1024 x  768  16      60 70 72 75 85 100 120 140 144 150 170 200 240
    1152 x  864  16      60 70 72 75 85 100 120 140 144 150 170 200
    1280 x  720  16      60
    1280 x  768  16      60 70 72 75 85 100 120 140 144 150 170
    1280 x  800  16      60 70 72 75 85 100 120 140 144 150 170
    1280 x  960  16      60 70 72 75 85 100 120 140 144 150 170
    1280 x 1024  16      60 70 72 75 85 100 120 140 144 150 170
    1360 x  768  16      60 70 72 75 85 100 120 140 144 150 170
    1600 x  900  16      60 70 72 75 85 100 120 140 144 150
    1600 x 1024  16      60 70 72 75 85 100 120
    1600 x 1200  16      60 70 72 75 85 100 120
    1680 x 1050  16      60
    1920 x 1080  16      60
    1920 x 1200  16      60 70 72 75 85 100
    1920 x 1440  16      60 70 72 75 85
    2048 x 1536  16      60
    ------------------------------------------------------------------
     640 x  480  32      60 70 72 75 85 100 120 140 144 150 170 200 240
     720 x  480  32      60
     720 x  576  32   50 60
     800 x  600  32      60 70 72 75 85 100 120 140 144 150 170 200 240
    1024 x  768  32      60 70 72 75 85 100 120 140 144 150 170 200 240
    1152 x  864  32      60 70 72 75 85 100 120 140 144 150 170 200
    1280 x  720  32      60
    1280 x  768  32      60 70 72 75 85 100 120 140 144 150 170
    1280 x  800  32      60 70 72 75 85 100 120 140 144 150 170
    1280 x  960  32      60 70 72 75 85 100 120 140 144 150 170
    1280 x 1024  32      60 70 72 75 85 100 120 140 144 150 170
    1360 x  768  32      60 70 72 75 85 100 120 140 144 150 170
    1600 x  900  32      60 70 72 75 85 100 120 140 144 150
    1600 x 1024  32      60 70 72 75 85 100 120
    1600 x 1200  32      60 70 72 75 85 100 120
    1680 x 1050  32      60
    1920 x 1080  32      60
    1920 x 1200  32      60 70 72 75 85 100
    1920 x 1440  32      60 70 72 75 85
    2048 x 1536  32      60

  ; Horizontal Spanning Modes

    1280 x  480   8      60 70 72 75 85 100 120 140 144 150 170 200 240
    1600 x  600   8      60 70 72 75 85 100 120 140 144 150 170 200 240
    2048 x  768   8      60 70 72 75 85 100 120 140 144 150 170 200 240
    2304 x  864   8      60 70 72 75 85 100 120 140 144 150 170 200
    2560 x  720   8      60
    2560 x  768   8      60 70 72 75 85 100 120 140 144 150 170
    2560 x  800   8      60 70 72 75 85 100 120 140 144 150 170
    2560 x  960   8      60 70 72 75 85 100 120 140 144 150 170
    2560 x 1024   8      60 70 72 75 85 100 120 140 144 150 170
    2720 x  768   8      60 70 72 75 85 100 120 140 144 150 170
    3200 x  900   8      60 70 72 75 85 100 120 140 144 150
    3200 x 1024   8      60 70 72 75 85 100 120
    3200 x 1200   8      60 70 72 75 85 100 120
    3360 x 1050   8      60
    3840 x 1080   8      60
    3840 x 1200   8      60 70 72 75 85 100
    3840 x 1440   8      60 70 72 75 85
    4096 x 1536   8      60
    ------------------------------------------------------------------
    1280 x  480  16      60 70 72 75 85 100 120 140 144 150 170 200 240
    1600 x  600  16      60 70 72 75 85 100 120 140 144 150 170 200 240
    2048 x  768  16      60 70 72 75 85 100 120 140 144 150 170 200 240
    2304 x  864  16      60 70 72 75 85 100 120 140 144 150 170 200
    2560 x  720  16      60
    2560 x  768  16      60 70 72 75 85 100 120 140 144 150 170
    2560 x  800  16      60 70 72 75 85 100 120 140 144 150 170
    2560 x  960  16      60 70 72 75 85 100 120 140 144 150 170
    2560 x 1024  16      60 70 72 75 85 100 120 140 144 150 170
    2720 x  768  16      60 70 72 75 85 100 120 140 144 150 170
    3200 x  900  16      60 70 72 75 85 100 120 140 144 150
    3200 x 1024  16      60 70 72 75 85 100 120
    3200 x 1200  16      60 70 72 75 85 100 120
    3360 x 1050  16      60
    3840 x 1080  16      60
    3840 x 1200  16      60 70 72 75 85 100
    3840 x 1440  16      60 70 72 75 85
    4096 x 1536  16      60
    ------------------------------------------------------------------
    1280 x  480  32      60 70 72 75 85 100 120 140 144 150 170 200 240
    1600 x  600  32      60 70 72 75 85 100 120 140 144 150 170 200 240
    2048 x  768  32      60 70 72 75 85 100 120 140 144 150 170 200 240
    2304 x  864  32      60 70 72 75 85 100 120 140 144 150 170 200
    2560 x  720  32      60
    2560 x  768  32      60 70 72 75 85 100 120 140 144 150 170
    2560 x  800  32      60 70 72 75 85 100 120 140 144 150 170
    2560 x  960  32      60 70 72 75 85 100 120 140 144 150 170
    2560 x 1024  32      60 70 72 75 85 100 120 140 144 150 170
    2720 x  768  32      60 70 72 75 85 100 120 140 144 150 170
    3200 x  900  32      60 70 72 75 85 100 120 140 144 150
    3200 x 1024  32      60 70 72 75 85 100 120
    3200 x 1200  32      60 70 72 75 85 100 120
    3360 x 1050  32      60
    3840 x 1080  32      60
    3840 x 1200  32      60 70 72 75 85 100
    3840 x 1440  32      60 70 72 75 85
    4096 x 1536  32      60

  ; Vertical Spanning Modes

     640 x  960   8      60 70 72 75 85 100 120 140 144 150 170 200 240
     800 x 1200   8      60 70 72 75 85 100 120 140 144 150 170 200 240
    1024 x 1536   8      60 70 72 75 85 100 120 140 144 150 170 200 240
    1152 x 1728   8      60 70 72 75 85 100 120 140 144 150 170 200
    1280 x 1440   8      60
    1280 x 1536   8      60 70 72 75 85 100 120 140 144 150 170
    1280 x 1600   8      60 70 72 75 85 100 120 140 144 150 170
    1280 x 1920   8      60 70 72 75 85 100 120 140 144 150 170
    1280 x 2048   8      60 70 72 75 85 100 120 140 144 150 170
    1360 x 1536   8      60 70 72 75 85 100 120 140 144 150 170
    1600 x 1800   8      60 70 72 75 85 100 120 140 144 150
    1600 x 2048   8      60 70 72 75 85 100 120
    1600 x 2400   8      60 70 72 75 85 100 120
    1680 x 2100   8      60
    1920 x 2160   8      60
    1920 x 2400   8      60 70 72 75 85 100
    1920 x 2880   8      60 70 72 75 85
    2048 x 3072   8      60
    ------------------------------------------------------------------
     640 x  960  16      60 70 72 75 85 100 120 140 144 150 170 200 240
     800 x 1200  16      60 70 72 75 85 100 120 140 144 150 170 200 240
    1024 x 1536  16      60 70 72 75 85 100 120 140 144 150 170 200 240
    1152 x 1728  16      60 70 72 75 85 100 120 140 144 150 170 200
    1280 x 1440  16      60
    1280 x 1536  16      60 70 72 75 85 100 120 140 144 150 170
    1280 x 1600  16      60 70 72 75 85 100 120 140 144 150 170
    1280 x 1920  16      60 70 72 75 85 100 120 140 144 150 170
    1280 x 2048  16      60 70 72 75 85 100 120 140 144 150 170
    1360 x 1536  16      60 70 72 75 85 100 120 140 144 150 170
    1600 x 1800  16      60 70 72 75 85 100 120 140 144 150
    1600 x 2048  16      60 70 72 75 85 100 120
    1600 x 2400  16      60 70 72 75 85 100 120
    1680 x 2100  16      60
    1920 x 2160  16      60
    1920 x 2400  16      60 70 72 75 85 100
    1920 x 2880  16      60 70 72 75 85
    2048 x 3072  16      60
    ------------------------------------------------------------------
     640 x  960  32      60 70 72 75 85 100 120 140 144 150 170 200 240
     800 x 1200  32      60 70 72 75 85 100 120 140 144 150 170 200 240
    1024 x 1536  32      60 70 72 75 85 100 120 140 144 150 170 200 240
    1152 x 1728  32      60 70 72 75 85 100 120 140 144 150 170 200
    1280 x 1440  32      60
    1280 x 1536  32      60 70 72 75 85 100 120 140 144 150 170
    1280 x 1600  32      60 70 72 75 85 100 120 140 144 150 170
    1280 x 1920  32      60 70 72 75 85 100 120 140 144 150 170
    1280 x 2048  32      60 70 72 75 85 100 120 140 144 150 170
    1360 x 1536  32      60 70 72 75 85 100 120 140 144 150 170
    1600 x 1800  32      60 70 72 75 85 100 120 140 144 150
    1600 x 2048  32      60 70 72 75 85 100 120
    1600 x 2400  32      60 70 72 75 85 100 120
    1680 x 2100  32      60
    1920 x 2160  32      60
    1920 x 2400  32      60 70 72 75 85 100
    1920 x 2880  32      60 70 72 75 85
    2048 x 3072  32      60
